{
 "cells": [
  {
   "cell_type": "markdown",
   "metadata": {},
   "source": [
    "# Jupyter Notebook\n",
    "Let's play around with it!"
   ]
  },
  {
   "cell_type": "code",
   "execution_count": null,
   "metadata": {},
   "outputs": [],
   "source": []
  },
  {
   "cell_type": "markdown",
   "metadata": {},
   "source": [
    "# Distance Matrix"
   ]
  },
  {
   "cell_type": "code",
   "execution_count": 1,
   "metadata": {},
   "outputs": [],
   "source": [
    "# imports\n",
    "from sklearn import datasets"
   ]
  },
  {
   "cell_type": "code",
   "execution_count": 2,
   "metadata": {},
   "outputs": [],
   "source": [
    "# abstract\n",
    "dataset = datasets.load_iris()"
   ]
  },
  {
   "cell_type": "code",
   "execution_count": 3,
   "metadata": {},
   "outputs": [
    {
     "data": {
      "text/plain": [
       "dict_keys(['data', 'target', 'frame', 'target_names', 'DESCR', 'feature_names', 'filename'])"
      ]
     },
     "execution_count": 3,
     "metadata": {},
     "output_type": "execute_result"
    }
   ],
   "source": [
    "# dictionary\n",
    "dataset.keys()"
   ]
  },
  {
   "cell_type": "code",
   "execution_count": 4,
   "metadata": {},
   "outputs": [
    {
     "data": {
      "text/plain": [
       "['sepal length (cm)',\n",
       " 'sepal width (cm)',\n",
       " 'petal length (cm)',\n",
       " 'petal width (cm)']"
      ]
     },
     "execution_count": 4,
     "metadata": {},
     "output_type": "execute_result"
    }
   ],
   "source": [
    "dataset[\"feature_names\"]"
   ]
  },
  {
   "cell_type": "code",
   "execution_count": 5,
   "metadata": {
    "scrolled": true
   },
   "outputs": [
    {
     "data": {
      "text/plain": [
       "array([[5.1, 3.5, 1.4, 0.2],\n",
       "       [4.9, 3. , 1.4, 0.2],\n",
       "       [4.7, 3.2, 1.3, 0.2],\n",
       "       [4.6, 3.1, 1.5, 0.2],\n",
       "       [5. , 3.6, 1.4, 0.2],\n",
       "       [5.4, 3.9, 1.7, 0.4],\n",
       "       [4.6, 3.4, 1.4, 0.3],\n",
       "       [5. , 3.4, 1.5, 0.2],\n",
       "       [4.4, 2.9, 1.4, 0.2],\n",
       "       [4.9, 3.1, 1.5, 0.1],\n",
       "       [5.4, 3.7, 1.5, 0.2],\n",
       "       [4.8, 3.4, 1.6, 0.2],\n",
       "       [4.8, 3. , 1.4, 0.1],\n",
       "       [4.3, 3. , 1.1, 0.1],\n",
       "       [5.8, 4. , 1.2, 0.2],\n",
       "       [5.7, 4.4, 1.5, 0.4],\n",
       "       [5.4, 3.9, 1.3, 0.4],\n",
       "       [5.1, 3.5, 1.4, 0.3],\n",
       "       [5.7, 3.8, 1.7, 0.3],\n",
       "       [5.1, 3.8, 1.5, 0.3],\n",
       "       [5.4, 3.4, 1.7, 0.2],\n",
       "       [5.1, 3.7, 1.5, 0.4],\n",
       "       [4.6, 3.6, 1. , 0.2],\n",
       "       [5.1, 3.3, 1.7, 0.5],\n",
       "       [4.8, 3.4, 1.9, 0.2],\n",
       "       [5. , 3. , 1.6, 0.2],\n",
       "       [5. , 3.4, 1.6, 0.4],\n",
       "       [5.2, 3.5, 1.5, 0.2],\n",
       "       [5.2, 3.4, 1.4, 0.2],\n",
       "       [4.7, 3.2, 1.6, 0.2],\n",
       "       [4.8, 3.1, 1.6, 0.2],\n",
       "       [5.4, 3.4, 1.5, 0.4],\n",
       "       [5.2, 4.1, 1.5, 0.1],\n",
       "       [5.5, 4.2, 1.4, 0.2],\n",
       "       [4.9, 3.1, 1.5, 0.2],\n",
       "       [5. , 3.2, 1.2, 0.2],\n",
       "       [5.5, 3.5, 1.3, 0.2],\n",
       "       [4.9, 3.6, 1.4, 0.1],\n",
       "       [4.4, 3. , 1.3, 0.2],\n",
       "       [5.1, 3.4, 1.5, 0.2],\n",
       "       [5. , 3.5, 1.3, 0.3],\n",
       "       [4.5, 2.3, 1.3, 0.3],\n",
       "       [4.4, 3.2, 1.3, 0.2],\n",
       "       [5. , 3.5, 1.6, 0.6],\n",
       "       [5.1, 3.8, 1.9, 0.4],\n",
       "       [4.8, 3. , 1.4, 0.3],\n",
       "       [5.1, 3.8, 1.6, 0.2],\n",
       "       [4.6, 3.2, 1.4, 0.2],\n",
       "       [5.3, 3.7, 1.5, 0.2],\n",
       "       [5. , 3.3, 1.4, 0.2],\n",
       "       [7. , 3.2, 4.7, 1.4],\n",
       "       [6.4, 3.2, 4.5, 1.5],\n",
       "       [6.9, 3.1, 4.9, 1.5],\n",
       "       [5.5, 2.3, 4. , 1.3],\n",
       "       [6.5, 2.8, 4.6, 1.5],\n",
       "       [5.7, 2.8, 4.5, 1.3],\n",
       "       [6.3, 3.3, 4.7, 1.6],\n",
       "       [4.9, 2.4, 3.3, 1. ],\n",
       "       [6.6, 2.9, 4.6, 1.3],\n",
       "       [5.2, 2.7, 3.9, 1.4],\n",
       "       [5. , 2. , 3.5, 1. ],\n",
       "       [5.9, 3. , 4.2, 1.5],\n",
       "       [6. , 2.2, 4. , 1. ],\n",
       "       [6.1, 2.9, 4.7, 1.4],\n",
       "       [5.6, 2.9, 3.6, 1.3],\n",
       "       [6.7, 3.1, 4.4, 1.4],\n",
       "       [5.6, 3. , 4.5, 1.5],\n",
       "       [5.8, 2.7, 4.1, 1. ],\n",
       "       [6.2, 2.2, 4.5, 1.5],\n",
       "       [5.6, 2.5, 3.9, 1.1],\n",
       "       [5.9, 3.2, 4.8, 1.8],\n",
       "       [6.1, 2.8, 4. , 1.3],\n",
       "       [6.3, 2.5, 4.9, 1.5],\n",
       "       [6.1, 2.8, 4.7, 1.2],\n",
       "       [6.4, 2.9, 4.3, 1.3],\n",
       "       [6.6, 3. , 4.4, 1.4],\n",
       "       [6.8, 2.8, 4.8, 1.4],\n",
       "       [6.7, 3. , 5. , 1.7],\n",
       "       [6. , 2.9, 4.5, 1.5],\n",
       "       [5.7, 2.6, 3.5, 1. ],\n",
       "       [5.5, 2.4, 3.8, 1.1],\n",
       "       [5.5, 2.4, 3.7, 1. ],\n",
       "       [5.8, 2.7, 3.9, 1.2],\n",
       "       [6. , 2.7, 5.1, 1.6],\n",
       "       [5.4, 3. , 4.5, 1.5],\n",
       "       [6. , 3.4, 4.5, 1.6],\n",
       "       [6.7, 3.1, 4.7, 1.5],\n",
       "       [6.3, 2.3, 4.4, 1.3],\n",
       "       [5.6, 3. , 4.1, 1.3],\n",
       "       [5.5, 2.5, 4. , 1.3],\n",
       "       [5.5, 2.6, 4.4, 1.2],\n",
       "       [6.1, 3. , 4.6, 1.4],\n",
       "       [5.8, 2.6, 4. , 1.2],\n",
       "       [5. , 2.3, 3.3, 1. ],\n",
       "       [5.6, 2.7, 4.2, 1.3],\n",
       "       [5.7, 3. , 4.2, 1.2],\n",
       "       [5.7, 2.9, 4.2, 1.3],\n",
       "       [6.2, 2.9, 4.3, 1.3],\n",
       "       [5.1, 2.5, 3. , 1.1],\n",
       "       [5.7, 2.8, 4.1, 1.3],\n",
       "       [6.3, 3.3, 6. , 2.5],\n",
       "       [5.8, 2.7, 5.1, 1.9],\n",
       "       [7.1, 3. , 5.9, 2.1],\n",
       "       [6.3, 2.9, 5.6, 1.8],\n",
       "       [6.5, 3. , 5.8, 2.2],\n",
       "       [7.6, 3. , 6.6, 2.1],\n",
       "       [4.9, 2.5, 4.5, 1.7],\n",
       "       [7.3, 2.9, 6.3, 1.8],\n",
       "       [6.7, 2.5, 5.8, 1.8],\n",
       "       [7.2, 3.6, 6.1, 2.5],\n",
       "       [6.5, 3.2, 5.1, 2. ],\n",
       "       [6.4, 2.7, 5.3, 1.9],\n",
       "       [6.8, 3. , 5.5, 2.1],\n",
       "       [5.7, 2.5, 5. , 2. ],\n",
       "       [5.8, 2.8, 5.1, 2.4],\n",
       "       [6.4, 3.2, 5.3, 2.3],\n",
       "       [6.5, 3. , 5.5, 1.8],\n",
       "       [7.7, 3.8, 6.7, 2.2],\n",
       "       [7.7, 2.6, 6.9, 2.3],\n",
       "       [6. , 2.2, 5. , 1.5],\n",
       "       [6.9, 3.2, 5.7, 2.3],\n",
       "       [5.6, 2.8, 4.9, 2. ],\n",
       "       [7.7, 2.8, 6.7, 2. ],\n",
       "       [6.3, 2.7, 4.9, 1.8],\n",
       "       [6.7, 3.3, 5.7, 2.1],\n",
       "       [7.2, 3.2, 6. , 1.8],\n",
       "       [6.2, 2.8, 4.8, 1.8],\n",
       "       [6.1, 3. , 4.9, 1.8],\n",
       "       [6.4, 2.8, 5.6, 2.1],\n",
       "       [7.2, 3. , 5.8, 1.6],\n",
       "       [7.4, 2.8, 6.1, 1.9],\n",
       "       [7.9, 3.8, 6.4, 2. ],\n",
       "       [6.4, 2.8, 5.6, 2.2],\n",
       "       [6.3, 2.8, 5.1, 1.5],\n",
       "       [6.1, 2.6, 5.6, 1.4],\n",
       "       [7.7, 3. , 6.1, 2.3],\n",
       "       [6.3, 3.4, 5.6, 2.4],\n",
       "       [6.4, 3.1, 5.5, 1.8],\n",
       "       [6. , 3. , 4.8, 1.8],\n",
       "       [6.9, 3.1, 5.4, 2.1],\n",
       "       [6.7, 3.1, 5.6, 2.4],\n",
       "       [6.9, 3.1, 5.1, 2.3],\n",
       "       [5.8, 2.7, 5.1, 1.9],\n",
       "       [6.8, 3.2, 5.9, 2.3],\n",
       "       [6.7, 3.3, 5.7, 2.5],\n",
       "       [6.7, 3. , 5.2, 2.3],\n",
       "       [6.3, 2.5, 5. , 1.9],\n",
       "       [6.5, 3. , 5.2, 2. ],\n",
       "       [6.2, 3.4, 5.4, 2.3],\n",
       "       [5.9, 3. , 5.1, 1.8]])"
      ]
     },
     "execution_count": 5,
     "metadata": {},
     "output_type": "execute_result"
    }
   ],
   "source": [
    "data = dataset[\"data\"]\n",
    "data  # data is a numpy array data structure. Think of it as a matrix of data (or as an excel spreadsheet)"
   ]
  },
  {
   "cell_type": "code",
   "execution_count": 6,
   "metadata": {},
   "outputs": [
    {
     "data": {
      "text/plain": [
       "(150, 4)"
      ]
     },
     "execution_count": 6,
     "metadata": {},
     "output_type": "execute_result"
    }
   ],
   "source": [
    "data.shape"
   ]
  },
  {
   "cell_type": "code",
   "execution_count": 8,
   "metadata": {},
   "outputs": [
    {
     "data": {
      "text/plain": [
       "1.8439088914585773"
      ]
     },
     "execution_count": 8,
     "metadata": {},
     "output_type": "execute_result"
    }
   ],
   "source": [
    "# euclidean distance of 2 observations\n",
    "p1 = data[50]\n",
    "p2 = data[100]\n",
    "sum(((p1 - p2)**2))**(1/2)"
   ]
  },
  {
   "cell_type": "code",
   "execution_count": 21,
   "metadata": {},
   "outputs": [],
   "source": [
    "# initialize distance matrix. What will be its final shape?\n",
    "dist = []"
   ]
  },
  {
   "cell_type": "code",
   "execution_count": 22,
   "metadata": {},
   "outputs": [],
   "source": [
    "# Build the distance matrix. Use 2 for loops, the append list method and the euclidean distance formula\n",
    "for i in range(data.shape[0]):\n",
    "    dist_row = []\n",
    "    for j in range(data.shape[0]):\n",
    "        dist_row.append(round(sum((data[i] - data[j])**2)**(1/2), 2))\n",
    "    dist.append(dist_row)"
   ]
  },
  {
   "cell_type": "code",
   "execution_count": 23,
   "metadata": {},
   "outputs": [
    {
     "name": "stdout",
     "output_type": "stream",
     "text": [
      "[[0.0, 0.54, 0.51, 0.65, 0.14, 0.62, 0.52, 0.17, 0.92, 0.47, 0.37, 0.37, 0.59, 0.99, 0.88, 1.1, 0.55, 0.1, 0.74, 0.33, 0.44, 0.3, 0.65, 0.47, 0.59, 0.55, 0.32, 0.14, 0.14, 0.54, 0.54, 0.39, 0.62, 0.81, 0.46, 0.37, 0.41, 0.24, 0.87, 0.14, 0.17, 1.35, 0.77, 0.46, 0.62, 0.59, 0.36, 0.58, 0.3, 0.22, 4.0, 3.62, 4.16, 3.09, 3.79, 3.42, 3.79, 2.35, 3.75, 2.89, 2.7, 3.23, 3.15, 3.7, 2.58, 3.63, 3.44, 3.01, 3.77, 2.88, 3.85, 3.08, 4.05, 3.66, 3.42, 3.6, 4.05, 4.24, 3.53, 2.49, 2.82, 2.7, 2.89, 4.14, 3.41, 3.52, 3.91, 3.62, 3.0, 3.02, 3.31, 3.6, 3.01, 2.39, 3.15, 3.07, 3.13, 3.35, 2.09, 3.06, 5.28, 4.21, 5.3, 4.69, 5.06, 6.1, 3.59, 5.64, 5.05, 5.64, 4.36, 4.52, 4.85, 4.19, 4.42, 4.63, 4.65, 6.24, 6.5, 4.14, 5.12, 4.03, 6.21, 4.11, 4.97, 5.31, 3.98, 4.01, 4.84, 5.1, 5.55, 6.01, 4.88, 4.16, 4.57, 5.79, 4.89, 4.61, 3.9, 4.8, 5.02, 4.64, 4.21, 5.26, 5.14, 4.65, 4.28, 4.46, 4.65, 4.14], [0.54, 0.0, 0.3, 0.33, 0.61, 1.09, 0.51, 0.42, 0.51, 0.17, 0.87, 0.46, 0.14, 0.68, 1.36, 1.63, 1.05, 0.55, 1.17, 0.84, 0.71, 0.76, 0.78, 0.56, 0.65, 0.22, 0.5, 0.59, 0.5, 0.35, 0.24, 0.68, 1.15, 1.34, 0.14, 0.3, 0.79, 0.61, 0.51, 0.46, 0.53, 0.82, 0.55, 0.68, 0.98, 0.14, 0.85, 0.36, 0.81, 0.32, 4.1, 3.69, 4.24, 2.97, 3.81, 3.39, 3.86, 2.15, 3.79, 2.81, 2.46, 3.24, 3.04, 3.71, 2.56, 3.7, 3.43, 2.97, 3.69, 2.79, 3.89, 3.07, 4.02, 3.66, 3.45, 3.65, 4.08, 4.3, 3.54, 2.42, 2.7, 2.58, 2.85, 4.12, 3.4, 3.6, 3.98, 3.56, 3.0, 2.93, 3.24, 3.62, 2.95, 2.18, 3.1, 3.08, 3.11, 3.36, 1.91, 3.03, 5.34, 4.18, 5.36, 4.71, 5.09, 6.16, 3.48, 5.69, 5.04, 5.75, 4.42, 4.52, 4.9, 4.13, 4.4, 4.68, 4.68, 6.37, 6.53, 4.06, 5.19, 4.0, 6.26, 4.11, 5.04, 5.39, 3.98, 4.03, 4.85, 5.16, 5.59, 6.15, 4.89, 4.17, 4.55, 5.86, 4.96, 4.65, 3.92, 4.86, 5.07, 4.7, 4.18, 5.32, 5.21, 4.7, 4.25, 4.5, 4.72, 4.15], [0.51, 0.3, 0.0, 0.24, 0.51, 1.09, 0.26, 0.41, 0.44, 0.32, 0.88, 0.37, 0.26, 0.5, 1.36, 1.59, 1.01, 0.52, 1.24, 0.75, 0.83, 0.7, 0.51, 0.65, 0.64, 0.47, 0.51, 0.62, 0.55, 0.3, 0.33, 0.78, 1.05, 1.28, 0.3, 0.32, 0.85, 0.47, 0.36, 0.49, 0.44, 0.93, 0.3, 0.66, 0.96, 0.26, 0.78, 0.14, 0.81, 0.33, 4.28, 3.85, 4.42, 3.15, 4.0, 3.55, 4.01, 2.31, 3.97, 2.95, 2.65, 3.4, 3.26, 3.88, 2.72, 3.88, 3.57, 3.15, 3.9, 2.98, 4.03, 3.26, 4.21, 3.83, 3.63, 3.83, 4.27, 4.47, 3.7, 2.62, 2.89, 2.77, 3.04, 4.28, 3.53, 3.73, 4.15, 3.77, 3.15, 3.1, 3.41, 3.79, 3.14, 2.35, 3.27, 3.23, 3.27, 3.54, 2.09, 3.2, 5.47, 4.33, 5.53, 4.87, 5.25, 6.34, 3.61, 5.87, 5.22, 5.89, 4.57, 4.69, 5.07, 4.29, 4.54, 4.83, 4.85, 6.52, 6.72, 4.25, 5.35, 4.14, 6.45, 4.28, 5.19, 5.56, 4.15, 4.19, 5.01, 5.34, 5.78, 6.31, 5.05, 4.34, 4.72, 6.04, 5.09, 4.81, 4.07, 5.03, 5.23, 4.87, 4.33, 5.48, 5.35, 4.86, 4.43, 4.66, 4.85, 4.3], [0.65, 0.33, 0.24, 0.0, 0.65, 1.17, 0.33, 0.5, 0.3, 0.32, 1.0, 0.37, 0.26, 0.52, 1.53, 1.71, 1.17, 0.66, 1.32, 0.87, 0.88, 0.81, 0.71, 0.65, 0.54, 0.42, 0.55, 0.72, 0.68, 0.17, 0.22, 0.88, 1.17, 1.42, 0.3, 0.51, 1.0, 0.6, 0.3, 0.58, 0.61, 0.84, 0.3, 0.7, 0.97, 0.26, 0.87, 0.14, 0.92, 0.46, 4.18, 3.73, 4.31, 2.98, 3.87, 3.39, 3.89, 2.11, 3.85, 2.78, 2.45, 3.27, 3.11, 3.74, 2.58, 3.78, 3.42, 3.0, 3.75, 2.82, 3.89, 3.13, 4.06, 3.69, 3.51, 3.72, 4.15, 4.35, 3.56, 2.47, 2.72, 2.6, 2.89, 4.13, 3.37, 3.61, 4.04, 3.63, 3.0, 2.94, 3.24, 3.65, 2.99, 2.16, 3.11, 3.08, 3.12, 3.41, 1.92, 3.04, 5.34, 4.18, 5.41, 4.72, 5.11, 6.22, 3.42, 5.74, 5.08, 5.78, 4.45, 4.55, 4.95, 4.13, 4.4, 4.7, 4.71, 6.41, 6.59, 4.09, 5.23, 3.99, 6.32, 4.14, 5.07, 5.44, 4.01, 4.05, 4.87, 5.22, 5.66, 6.22, 4.91, 4.2, 4.56, 5.93, 4.96, 4.67, 3.93, 4.91, 5.1, 4.76, 4.18, 5.35, 5.23, 4.75, 4.29, 4.53, 4.72, 4.15], [0.14, 0.61, 0.51, 0.65, 0.0, 0.62, 0.46, 0.22, 0.92, 0.53, 0.42, 0.35, 0.64, 0.97, 0.92, 1.09, 0.55, 0.17, 0.79, 0.26, 0.54, 0.26, 0.57, 0.53, 0.57, 0.63, 0.35, 0.24, 0.28, 0.54, 0.57, 0.5, 0.56, 0.78, 0.52, 0.45, 0.52, 0.14, 0.85, 0.24, 0.17, 1.4, 0.73, 0.46, 0.58, 0.64, 0.3, 0.57, 0.33, 0.3, 4.06, 3.66, 4.22, 3.15, 3.85, 3.46, 3.82, 2.39, 3.81, 2.92, 2.76, 3.27, 3.22, 3.75, 2.63, 3.69, 3.47, 3.06, 3.83, 2.94, 3.88, 3.13, 4.1, 3.71, 3.47, 3.66, 4.11, 4.3, 3.58, 2.56, 2.87, 2.76, 2.95, 4.18, 3.44, 3.55, 3.96, 3.69, 3.04, 3.07, 3.35, 3.64, 3.07, 2.44, 3.2, 3.11, 3.17, 3.4, 2.14, 3.1, 5.31, 4.25, 5.35, 4.73, 5.1, 6.15, 3.62, 5.69, 5.1, 5.68, 4.4, 4.57, 4.9, 4.23, 4.45, 4.66, 4.69, 6.28, 6.55, 4.2, 5.16, 4.06, 6.27, 4.16, 5.01, 5.36, 4.02, 4.05, 4.88, 5.15, 5.6, 6.06, 4.92, 4.21, 4.61, 5.84, 4.92, 4.65, 3.93, 4.84, 5.06, 4.69, 4.25, 5.3, 5.17, 4.7, 4.33, 4.5, 4.68, 4.17], [0.62, 1.09, 1.09, 1.17, 0.62, 0.0, 0.99, 0.7, 1.46, 1.01, 0.35, 0.81, 1.16, 1.57, 0.68, 0.62, 0.4, 0.59, 0.33, 0.39, 0.54, 0.41, 1.12, 0.68, 0.83, 1.01, 0.65, 0.53, 0.65, 1.01, 1.02, 0.54, 0.46, 0.48, 0.98, 0.97, 0.61, 0.72, 1.42, 0.65, 0.7, 1.88, 1.3, 0.61, 0.37, 1.13, 0.39, 1.12, 0.36, 0.81, 3.61, 3.25, 3.79, 2.94, 3.47, 3.15, 3.41, 2.33, 3.41, 2.71, 2.71, 2.92, 2.98, 3.39, 2.34, 3.26, 3.15, 2.78, 3.55, 2.71, 3.51, 2.79, 3.77, 3.37, 3.09, 3.25, 3.71, 3.88, 3.23, 2.32, 2.68, 2.57, 2.66, 3.85, 3.14, 3.14, 3.54, 3.39, 2.72, 2.84, 3.1, 3.27, 2.79, 2.37, 2.92, 2.79, 2.85, 3.03, 2.06, 2.81, 4.91, 3.93, 4.92, 4.36, 4.7, 5.71, 3.43, 5.27, 4.73, 5.21, 3.98, 4.2, 4.48, 3.94, 4.11, 4.25, 4.29, 5.79, 6.13, 3.92, 4.73, 3.75, 5.84, 3.8, 4.58, 4.92, 3.66, 3.67, 4.51, 4.72, 5.18, 5.56, 4.55, 3.85, 4.29, 5.39, 4.5, 4.25, 3.57, 4.41, 4.64, 4.25, 3.93, 4.87, 4.74, 4.28, 3.99, 4.1, 4.26, 3.82], [0.52, 0.51, 0.26, 0.33, 0.46, 0.99, 0.0, 0.42, 0.55, 0.48, 0.87, 0.3, 0.49, 0.62, 1.36, 1.49, 0.95, 0.51, 1.21, 0.65, 0.86, 0.6, 0.46, 0.62, 0.55, 0.61, 0.46, 0.62, 0.61, 0.32, 0.42, 0.81, 0.95, 1.21, 0.45, 0.5, 0.92, 0.41, 0.47, 0.52, 0.42, 1.11, 0.32, 0.55, 0.82, 0.45, 0.68, 0.22, 0.77, 0.42, 4.23, 3.79, 4.37, 3.13, 3.96, 3.49, 3.93, 2.28, 3.94, 2.88, 2.65, 3.34, 3.26, 3.82, 2.66, 3.84, 3.49, 3.12, 3.88, 2.95, 3.94, 3.22, 4.17, 3.78, 3.59, 3.79, 4.24, 4.41, 3.64, 2.6, 2.87, 2.75, 3.0, 4.22, 3.44, 3.64, 4.1, 3.75, 3.07, 3.06, 3.36, 3.72, 3.11, 2.34, 3.21, 3.17, 3.21, 3.5, 2.06, 3.14, 5.38, 4.26, 5.47, 4.8, 5.17, 6.28, 3.53, 5.81, 5.18, 5.81, 4.5, 4.64, 5.0, 4.23, 4.46, 4.74, 4.78, 6.44, 6.67, 4.22, 5.27, 4.06, 6.4, 4.23, 5.11, 5.5, 4.09, 4.11, 4.95, 5.29, 5.73, 6.24, 4.98, 4.29, 4.66, 5.99, 4.99, 4.73, 3.99, 4.96, 5.15, 4.8, 4.26, 5.4, 5.27, 4.8, 4.38, 4.59, 4.75, 4.22], [0.17, 0.42, 0.41, 0.5, 0.22, 0.7, 0.42, 0.0, 0.79, 0.33, 0.5, 0.22, 0.47, 0.91, 1.04, 1.24, 0.7, 0.2, 0.84, 0.42, 0.45, 0.37, 0.67, 0.39, 0.45, 0.41, 0.22, 0.22, 0.22, 0.37, 0.37, 0.45, 0.73, 0.95, 0.32, 0.36, 0.55, 0.26, 0.75, 0.1, 0.24, 1.23, 0.66, 0.42, 0.61, 0.47, 0.42, 0.46, 0.42, 0.14, 3.96, 3.56, 4.12, 2.99, 3.73, 3.33, 3.73, 2.21, 3.69, 2.78, 2.57, 3.15, 3.05, 3.62, 2.5, 3.58, 3.35, 2.92, 3.68, 2.78, 3.78, 3.0, 3.97, 3.58, 3.36, 3.55, 3.99, 4.19, 3.46, 2.4, 2.71, 2.59, 2.81, 4.05, 3.32, 3.46, 3.86, 3.54, 2.91, 2.92, 3.21, 3.52, 2.92, 2.26, 3.06, 2.99, 3.04, 3.28, 1.97, 2.97, 5.22, 4.12, 5.25, 4.62, 4.99, 6.04, 3.47, 5.58, 4.97, 5.6, 4.3, 4.45, 4.8, 4.1, 4.34, 4.57, 4.58, 6.2, 6.44, 4.05, 5.07, 3.94, 6.16, 4.04, 4.91, 5.26, 3.91, 3.94, 4.77, 5.04, 5.49, 5.98, 4.81, 4.09, 4.48, 5.75, 4.83, 4.54, 3.82, 4.75, 4.96, 4.59, 4.12, 5.2, 5.08, 4.6, 4.2, 4.4, 4.59, 4.06], [0.92, 0.51, 0.44, 0.3, 0.92, 1.46, 0.55, 0.79, 0.0, 0.56, 1.28, 0.67, 0.42, 0.35, 1.79, 2.0, 1.43, 0.93, 1.61, 1.15, 1.16, 1.09, 0.83, 0.91, 0.81, 0.64, 0.83, 1.0, 0.94, 0.47, 0.49, 1.14, 1.45, 1.7, 0.55, 0.7, 1.26, 0.87, 0.14, 0.87, 0.86, 0.62, 0.32, 0.96, 1.26, 0.42, 1.16, 0.36, 1.21, 0.72, 4.38, 3.92, 4.5, 3.09, 4.04, 3.54, 4.08, 2.18, 4.04, 2.89, 2.49, 3.43, 3.23, 3.9, 2.74, 3.97, 3.57, 3.15, 3.88, 2.94, 4.06, 3.3, 4.21, 3.85, 3.69, 3.91, 4.33, 4.53, 3.72, 2.61, 2.83, 2.72, 3.04, 4.27, 3.51, 3.79, 4.23, 3.77, 3.15, 3.06, 3.36, 3.82, 3.13, 2.23, 3.24, 3.25, 3.28, 3.59, 2.0, 3.19, 5.5, 4.31, 5.58, 4.88, 5.27, 6.4, 3.5, 5.91, 5.23, 5.98, 4.63, 4.71, 5.12, 4.25, 4.53, 4.87, 4.88, 6.62, 6.76, 4.21, 5.41, 4.12, 6.5, 4.3, 5.25, 5.63, 4.17, 4.21, 5.03, 5.4, 5.83, 6.43, 5.06, 4.36, 4.7, 6.12, 5.13, 4.84, 4.09, 5.09, 5.27, 4.94, 4.31, 5.52, 5.41, 4.91, 4.43, 4.7, 4.89, 4.3], [0.47, 0.17, 0.32, 0.32, 0.53, 1.01, 0.48, 0.33, 0.56, 0.0, 0.79, 0.35, 0.17, 0.73, 1.31, 1.56, 1.01, 0.5, 1.1, 0.75, 0.62, 0.7, 0.77, 0.53, 0.52, 0.2, 0.45, 0.51, 0.45, 0.26, 0.17, 0.66, 1.04, 1.26, 0.1, 0.35, 0.75, 0.51, 0.56, 0.37, 0.5, 0.94, 0.56, 0.66, 0.88, 0.26, 0.74, 0.35, 0.73, 0.26, 4.04, 3.64, 4.19, 2.95, 3.77, 3.34, 3.81, 2.13, 3.74, 2.77, 2.46, 3.2, 3.01, 3.66, 2.53, 3.65, 3.39, 2.92, 3.67, 2.76, 3.85, 3.04, 3.98, 3.6, 3.4, 3.61, 4.03, 4.25, 3.49, 2.39, 2.67, 2.55, 2.82, 4.07, 3.35, 3.54, 3.93, 3.53, 2.95, 2.9, 3.2, 3.57, 2.92, 2.17, 3.06, 3.02, 3.07, 3.32, 1.91, 2.99, 5.29, 4.14, 5.31, 4.66, 5.05, 6.11, 3.45, 5.63, 5.0, 5.7, 4.37, 4.48, 4.86, 4.11, 4.38, 4.64, 4.63, 6.31, 6.49, 4.03, 5.15, 3.97, 6.21, 4.07, 4.99, 5.33, 3.94, 3.99, 4.81, 5.1, 5.54, 6.09, 4.85, 4.12, 4.49, 5.82, 4.91, 4.6, 3.87, 4.82, 5.03, 4.67, 4.14, 5.27, 5.17, 4.67, 4.22, 4.46, 4.67, 4.11], [0.37, 0.87, 0.88, 1.0, 0.42, 0.35, 0.87, 0.5, 1.28, 0.79, 0.0, 0.68, 0.93, 1.37, 0.58, 0.79, 0.35, 0.39, 0.39, 0.33, 0.36, 0.36, 0.95, 0.62, 0.78, 0.81, 0.55, 0.28, 0.37, 0.87, 0.85, 0.36, 0.46, 0.52, 0.78, 0.71, 0.3, 0.53, 1.24, 0.42, 0.5, 1.68, 1.14, 0.61, 0.55, 0.93, 0.33, 0.95, 0.1, 0.57, 3.81, 3.46, 3.98, 3.07, 3.65, 3.33, 3.63, 2.41, 3.59, 2.87, 2.77, 3.12, 3.08, 3.58, 2.51, 3.45, 3.35, 2.93, 3.69, 2.84, 3.73, 2.96, 3.94, 3.54, 3.27, 3.43, 3.89, 4.08, 3.42, 2.44, 2.79, 2.68, 2.81, 4.03, 3.34, 3.38, 3.74, 3.52, 2.92, 2.98, 3.26, 3.47, 2.94, 2.45, 3.09, 2.98, 3.04, 3.21, 2.14, 2.98, 5.15, 4.12, 5.13, 4.56, 4.92, 5.91, 3.6, 5.46, 4.92, 5.45, 4.2, 4.4, 4.7, 4.13, 4.33, 4.48, 4.5, 6.03, 6.33, 4.07, 4.95, 3.96, 6.03, 3.99, 4.81, 5.13, 3.86, 3.89, 4.71, 4.92, 5.37, 5.79, 4.76, 4.03, 4.47, 5.6, 4.75, 4.46, 3.78, 4.63, 4.87, 4.47, 4.12, 5.1, 4.98, 4.5, 4.17, 4.32, 4.51, 4.03], [0.37, 0.46, 0.37, 0.37, 0.35, 0.81, 0.3, 0.22, 0.67, 0.35, 0.68, 0.0, 0.46, 0.82, 1.23, 1.36, 0.86, 0.39, 0.99, 0.52, 0.61, 0.48, 0.66, 0.45, 0.3, 0.45, 0.28, 0.42, 0.45, 0.22, 0.3, 0.64, 0.82, 1.08, 0.33, 0.49, 0.77, 0.32, 0.64, 0.32, 0.39, 1.18, 0.54, 0.46, 0.62, 0.46, 0.5, 0.35, 0.59, 0.3, 3.99, 3.56, 4.13, 2.94, 3.73, 3.28, 3.72, 2.13, 3.7, 2.72, 2.5, 3.13, 3.05, 3.6, 2.47, 3.6, 3.3, 2.89, 3.67, 2.75, 3.75, 3.0, 3.95, 3.56, 3.36, 3.56, 4.0, 4.19, 3.43, 2.39, 2.67, 2.56, 2.79, 4.02, 3.26, 3.44, 3.87, 3.54, 2.87, 2.88, 3.16, 3.51, 2.9, 2.19, 3.02, 2.95, 3.0, 3.27, 1.92, 2.94, 5.19, 4.08, 5.25, 4.59, 4.97, 6.05, 3.39, 5.58, 4.96, 5.6, 4.29, 4.43, 4.79, 4.05, 4.3, 4.55, 4.56, 6.21, 6.45, 4.02, 5.07, 3.89, 6.17, 4.02, 4.9, 5.26, 3.89, 3.91, 4.75, 5.05, 5.5, 6.0, 4.79, 4.07, 4.45, 5.76, 4.81, 4.52, 3.79, 4.75, 4.95, 4.6, 4.08, 5.19, 5.07, 4.6, 4.18, 4.39, 4.56, 4.02], [0.59, 0.14, 0.26, 0.26, 0.64, 1.16, 0.49, 0.47, 0.42, 0.17, 0.93, 0.46, 0.0, 0.58, 1.43, 1.69, 1.13, 0.62, 1.26, 0.88, 0.79, 0.82, 0.75, 0.66, 0.65, 0.3, 0.57, 0.66, 0.57, 0.32, 0.24, 0.79, 1.17, 1.39, 0.2, 0.36, 0.87, 0.61, 0.42, 0.52, 0.58, 0.79, 0.47, 0.76, 1.03, 0.2, 0.88, 0.3, 0.87, 0.37, 4.18, 3.76, 4.32, 3.03, 3.89, 3.45, 3.93, 2.19, 3.86, 2.86, 2.5, 3.32, 3.11, 3.78, 2.63, 3.78, 3.49, 3.03, 3.76, 2.85, 3.96, 3.15, 4.09, 3.72, 3.52, 3.73, 4.16, 4.37, 3.61, 2.49, 2.76, 2.64, 2.92, 4.18, 3.45, 3.67, 4.06, 3.63, 3.06, 2.99, 3.3, 3.69, 3.02, 2.22, 3.16, 3.14, 3.18, 3.44, 1.97, 3.1, 5.41, 4.24, 5.44, 4.77, 5.16, 6.24, 3.53, 5.76, 5.11, 5.83, 4.5, 4.59, 4.98, 4.2, 4.47, 4.76, 4.75, 6.45, 6.61, 4.12, 5.27, 4.07, 6.34, 4.18, 5.12, 5.46, 4.06, 4.1, 4.92, 5.23, 5.67, 6.23, 4.96, 4.24, 4.6, 5.94, 5.03, 4.72, 3.99, 4.94, 5.15, 4.79, 4.24, 5.4, 5.29, 4.78, 4.32, 4.58, 4.79, 4.22], [0.99, 0.68, 0.5, 0.52, 0.97, 1.57, 0.62, 0.91, 0.35, 0.73, 1.37, 0.82, 0.58, 0.0, 1.81, 2.04, 1.47, 1.01, 1.73, 1.22, 1.32, 1.17, 0.69, 1.12, 1.03, 0.87, 0.99, 1.11, 1.03, 0.68, 0.72, 1.27, 1.48, 1.73, 0.73, 0.74, 1.32, 0.9, 0.24, 0.98, 0.91, 0.78, 0.32, 1.11, 1.42, 0.62, 1.24, 0.48, 1.29, 0.82, 4.69, 4.24, 4.81, 3.43, 4.37, 3.87, 4.39, 2.52, 4.36, 3.23, 2.84, 3.76, 3.57, 4.23, 3.06, 4.28, 3.9, 3.49, 4.22, 3.28, 4.38, 3.62, 4.54, 4.18, 4.01, 4.23, 4.66, 4.85, 4.05, 2.95, 3.18, 3.06, 3.37, 4.61, 3.84, 4.11, 4.55, 4.1, 3.48, 3.4, 3.7, 4.14, 3.47, 2.57, 3.58, 3.57, 3.61, 3.91, 2.35, 3.53, 5.82, 4.65, 5.91, 5.21, 5.6, 6.72, 3.84, 6.24, 5.57, 6.29, 4.95, 5.04, 5.44, 4.59, 4.86, 5.19, 5.2, 6.93, 7.09, 4.55, 5.73, 4.45, 6.82, 4.63, 5.57, 5.95, 4.5, 4.54, 5.36, 5.72, 6.16, 6.73, 5.4, 4.69, 5.03, 6.43, 5.45, 5.16, 4.41, 5.41, 5.6, 5.25, 4.65, 5.85, 5.72, 5.24, 4.76, 5.03, 5.21, 4.63], [0.88, 1.36, 1.36, 1.53, 0.92, 0.68, 1.36, 1.04, 1.79, 1.31, 0.58, 1.23, 1.43, 1.81, 0.0, 0.55, 0.47, 0.89, 0.56, 0.79, 0.88, 0.84, 1.28, 1.15, 1.36, 1.34, 1.1, 0.84, 0.87, 1.42, 1.4, 0.81, 0.69, 0.41, 1.31, 1.13, 0.59, 1.01, 1.72, 0.97, 0.95, 2.14, 1.62, 1.1, 1.03, 1.43, 0.83, 1.46, 0.66, 1.08, 3.97, 3.69, 4.17, 3.47, 3.9, 3.68, 3.87, 2.9, 3.82, 3.28, 3.25, 3.42, 3.43, 3.87, 2.87, 3.65, 3.69, 3.28, 4.0, 3.22, 4.02, 3.25, 4.23, 3.84, 3.52, 3.65, 4.1, 4.3, 3.72, 2.81, 3.2, 3.09, 3.16, 4.35, 3.71, 3.64, 3.94, 3.82, 3.26, 3.37, 3.65, 3.75, 3.29, 2.93, 3.46, 3.32, 3.38, 3.49, 2.61, 3.33, 5.39, 4.45, 5.33, 4.84, 5.16, 6.08, 4.02, 5.66, 5.17, 5.61, 4.42, 4.66, 4.91, 4.47, 4.64, 4.71, 4.75, 6.16, 6.52, 4.41, 5.15, 4.29, 6.21, 4.26, 5.02, 5.31, 4.14, 4.16, 4.98, 5.11, 5.56, 5.89, 5.02, 4.31, 4.78, 5.75, 4.98, 4.71, 4.07, 4.82, 5.08, 4.65, 4.45, 5.3, 5.18, 4.71, 4.45, 4.55, 4.75, 4.33], [1.1, 1.63, 1.59, 1.71, 1.09, 0.62, 1.49, 1.24, 2.0, 1.56, 0.79, 1.36, 1.69, 2.04, 0.55, 0.0, 0.62, 1.09, 0.64, 0.85, 1.08, 0.92, 1.46, 1.27, 1.42, 1.58, 1.22, 1.05, 1.14, 1.58, 1.6, 1.04, 0.66, 0.36, 1.54, 1.44, 0.96, 1.17, 1.93, 1.18, 1.16, 2.43, 1.79, 1.16, 0.94, 1.67, 0.88, 1.64, 0.83, 1.32, 3.79, 3.48, 3.99, 3.39, 3.74, 3.52, 3.64, 2.87, 3.67, 3.15, 3.26, 3.24, 3.4, 3.69, 2.73, 3.48, 3.49, 3.17, 3.91, 3.14, 3.79, 3.13, 4.09, 3.69, 3.37, 3.49, 3.96, 4.11, 3.54, 2.76, 3.13, 3.04, 3.05, 4.17, 3.5, 3.4, 3.76, 3.74, 3.09, 3.27, 3.51, 3.57, 3.18, 2.92, 3.32, 3.14, 3.22, 3.34, 2.59, 3.18, 5.12, 4.26, 5.12, 4.62, 4.93, 5.87, 3.87, 5.46, 5.01, 5.33, 4.2, 4.48, 4.7, 4.29, 4.42, 4.47, 4.53, 5.89, 6.33, 4.29, 4.91, 4.09, 6.01, 4.1, 4.77, 5.09, 3.96, 3.95, 4.77, 4.91, 5.37, 5.64, 4.81, 4.13, 4.61, 5.54, 4.71, 4.49, 3.86, 4.61, 4.85, 4.44, 4.26, 5.06, 4.93, 4.5, 4.3, 4.34, 4.48, 4.11], [0.55, 1.05, 1.01, 1.17, 0.55, 0.4, 0.95, 0.7, 1.43, 1.01, 0.35, 0.86, 1.13, 1.47, 0.47, 0.62, 0.0, 0.52, 0.52, 0.39, 0.67, 0.41, 0.93, 0.79, 1.0, 1.05, 0.71, 0.53, 0.58, 1.05, 1.06, 0.54, 0.46, 0.39, 0.98, 0.84, 0.46, 0.66, 1.36, 0.65, 0.57, 1.84, 1.24, 0.67, 0.68, 1.09, 0.48, 1.09, 0.36, 0.75, 3.95, 3.6, 4.13, 3.27, 3.81, 3.51, 3.76, 2.62, 3.76, 3.04, 2.99, 3.27, 3.3, 3.75, 2.67, 3.6, 3.51, 3.13, 3.87, 3.04, 3.87, 3.13, 4.12, 3.73, 3.44, 3.59, 4.05, 4.23, 3.58, 2.64, 3.0, 2.89, 3.0, 4.2, 3.5, 3.51, 3.89, 3.71, 3.08, 3.17, 3.46, 3.63, 3.13, 2.66, 3.27, 3.15, 3.21, 3.38, 2.33, 3.15, 5.26, 4.28, 5.27, 4.72, 5.05, 6.05, 3.76, 5.62, 5.09, 5.55, 4.32, 4.55, 4.83, 4.28, 4.45, 4.59, 4.65, 6.14, 6.48, 4.26, 5.07, 4.1, 6.18, 4.14, 4.93, 5.27, 4.01, 4.03, 4.86, 5.07, 5.52, 5.9, 4.89, 4.2, 4.66, 5.72, 4.85, 4.61, 3.92, 4.75, 4.98, 4.58, 4.28, 5.22, 5.08, 4.62, 4.33, 4.45, 4.62, 4.18], [0.1, 0.55, 0.52, 0.66, 0.17, 0.59, 0.51, 0.2, 0.93, 0.5, 0.39, 0.39, 0.62, 1.01, 0.89, 1.09, 0.52, 0.0, 0.73, 0.32, 0.45, 0.24, 0.66, 0.41, 0.6, 0.56, 0.26, 0.17, 0.17, 0.55, 0.55, 0.35, 0.65, 0.81, 0.47, 0.39, 0.42, 0.3, 0.87, 0.17, 0.14, 1.35, 0.77, 0.37, 0.59, 0.58, 0.37, 0.59, 0.32, 0.24, 3.97, 3.58, 4.13, 3.06, 3.76, 3.39, 3.75, 2.31, 3.72, 2.85, 2.68, 3.19, 3.12, 3.67, 2.54, 3.6, 3.4, 2.98, 3.73, 2.85, 3.81, 3.04, 4.02, 3.63, 3.39, 3.57, 4.02, 4.21, 3.5, 2.46, 2.79, 2.67, 2.86, 4.1, 3.37, 3.48, 3.88, 3.59, 2.96, 2.99, 3.28, 3.56, 2.98, 2.36, 3.12, 3.04, 3.09, 3.31, 2.05, 3.02, 5.24, 4.17, 5.27, 4.66, 5.02, 6.06, 3.55, 5.61, 5.02, 5.6, 4.32, 4.48, 4.82, 4.15, 4.37, 4.58, 4.61, 6.21, 6.47, 4.11, 5.08, 3.98, 6.18, 4.07, 4.93, 5.28, 3.94, 3.97, 4.8, 5.07, 5.52, 5.98, 4.84, 4.13, 4.55, 5.75, 4.85, 4.57, 3.86, 4.76, 4.98, 4.59, 4.17, 5.22, 5.09, 4.61, 4.24, 4.42, 4.61, 4.1], [0.74, 1.17, 1.24, 1.32, 0.79, 0.33, 1.21, 0.84, 1.61, 1.1, 0.39, 0.99, 1.26, 1.73, 0.56, 0.64, 0.52, 0.73, 0.0, 0.63, 0.51, 0.65, 1.32, 0.81, 1.01, 1.07, 0.82, 0.62, 0.71, 1.17, 1.15, 0.55, 0.65, 0.55, 1.09, 1.05, 0.55, 0.9, 1.58, 0.75, 0.86, 1.96, 1.49, 0.82, 0.64, 1.24, 0.62, 1.29, 0.47, 0.92, 3.5, 3.18, 3.69, 2.93, 3.39, 3.14, 3.36, 2.38, 3.32, 2.74, 2.73, 2.89, 2.9, 3.34, 2.33, 3.16, 3.15, 2.73, 3.48, 2.68, 3.5, 2.73, 3.71, 3.31, 3.01, 3.15, 3.61, 3.81, 3.19, 2.27, 2.66, 2.55, 2.62, 3.81, 3.16, 3.13, 3.45, 3.3, 2.72, 2.83, 3.1, 3.23, 2.75, 2.41, 2.91, 2.77, 2.84, 2.97, 2.09, 2.79, 4.89, 3.92, 4.85, 4.32, 4.66, 5.61, 3.48, 5.17, 4.66, 5.15, 3.93, 4.15, 4.42, 3.93, 4.12, 4.22, 4.24, 5.71, 6.04, 3.87, 4.67, 3.76, 5.73, 3.75, 4.53, 4.83, 3.62, 3.65, 4.47, 4.62, 5.08, 5.46, 4.51, 3.79, 4.24, 5.29, 4.49, 4.2, 3.55, 4.34, 4.59, 4.18, 3.92, 4.82, 4.7, 4.23, 3.94, 4.05, 4.25, 3.81], [0.33, 0.84, 0.75, 0.87, 0.26, 0.39, 0.65, 0.42, 1.15, 0.75, 0.33, 0.52, 0.88, 1.22, 0.79, 0.85, 0.39, 0.32, 0.63, 0.0, 0.55, 0.14, 0.74, 0.57, 0.65, 0.82, 0.44, 0.33, 0.44, 0.73, 0.77, 0.51, 0.37, 0.58, 0.73, 0.69, 0.55, 0.36, 1.09, 0.41, 0.37, 1.63, 0.95, 0.45, 0.41, 0.86, 0.14, 0.79, 0.24, 0.53, 3.93, 3.53, 4.09, 3.11, 3.74, 3.37, 3.69, 2.39, 3.7, 2.86, 2.78, 3.16, 3.18, 3.64, 2.54, 3.56, 3.37, 2.99, 3.77, 2.89, 3.76, 3.04, 4.02, 3.61, 3.37, 3.54, 4.0, 4.17, 3.47, 2.51, 2.84, 2.73, 2.88, 4.08, 3.34, 3.41, 3.84, 3.62, 2.94, 3.02, 3.29, 3.53, 3.0, 2.45, 3.12, 3.02, 3.08, 3.3, 2.14, 3.02, 5.17, 4.15, 5.22, 4.62, 4.97, 6.01, 3.56, 5.56, 5.0, 5.52, 4.26, 4.46, 4.77, 4.15, 4.34, 4.53, 4.57, 6.12, 6.43, 4.13, 5.02, 3.96, 6.14, 4.06, 4.87, 5.22, 3.92, 3.93, 4.77, 5.02, 5.48, 5.89, 4.81, 4.1, 4.52, 5.71, 4.78, 4.52, 3.82, 4.71, 4.93, 4.55, 4.15, 5.16, 5.03, 4.57, 4.24, 4.38, 4.54, 4.06], [0.44, 0.71, 0.83, 0.88, 0.54, 0.54, 0.86, 0.45, 1.16, 0.62, 0.36, 0.61, 0.79, 1.32, 0.88, 1.08, 0.67, 0.45, 0.51, 0.55, 0.0, 0.51, 1.08, 0.44, 0.63, 0.57, 0.46, 0.3, 0.36, 0.73, 0.68, 0.28, 0.76, 0.86, 0.62, 0.67, 0.42, 0.62, 1.15, 0.36, 0.58, 1.48, 1.1, 0.58, 0.57, 0.79, 0.51, 0.88, 0.37, 0.51, 3.61, 3.25, 3.78, 2.78, 3.42, 3.08, 3.43, 2.11, 3.36, 2.61, 2.45, 2.89, 2.78, 3.34, 2.26, 3.24, 3.12, 2.66, 3.41, 2.55, 3.53, 2.71, 3.68, 3.29, 3.04, 3.21, 3.66, 3.87, 3.18, 2.15, 2.5, 2.38, 2.55, 3.79, 3.11, 3.19, 3.53, 3.24, 2.68, 2.71, 2.99, 3.24, 2.66, 2.14, 2.83, 2.74, 2.79, 2.98, 1.84, 2.72, 4.96, 3.89, 4.93, 4.34, 4.71, 5.71, 3.34, 5.25, 4.68, 5.28, 4.01, 4.16, 4.49, 3.88, 4.11, 4.29, 4.29, 5.87, 6.11, 3.79, 4.76, 3.73, 5.82, 3.75, 4.62, 4.93, 3.63, 3.67, 4.49, 4.71, 5.16, 5.63, 4.54, 3.8, 4.22, 5.41, 4.57, 4.25, 3.56, 4.43, 4.67, 4.28, 3.89, 4.9, 4.79, 4.3, 3.92, 4.11, 4.33, 3.81], [0.3, 0.76, 0.7, 0.81, 0.26, 0.41, 0.6, 0.37, 1.09, 0.7, 0.36, 0.48, 0.82, 1.17, 0.84, 0.92, 0.41, 0.24, 0.65, 0.14, 0.51, 0.0, 0.74, 0.46, 0.62, 0.74, 0.33, 0.3, 0.39, 0.68, 0.71, 0.42, 0.51, 0.68, 0.66, 0.62, 0.53, 0.39, 1.03, 0.36, 0.32, 1.54, 0.91, 0.32, 0.41, 0.77, 0.24, 0.74, 0.28, 0.47, 3.89, 3.49, 4.05, 3.03, 3.69, 3.31, 3.64, 2.31, 3.65, 2.79, 2.69, 3.1, 3.11, 3.59, 2.47, 3.51, 3.31, 2.93, 3.7, 2.82, 3.71, 2.98, 3.96, 3.56, 3.31, 3.49, 3.95, 4.12, 3.41, 2.44, 2.76, 2.66, 2.81, 4.03, 3.28, 3.37, 3.79, 3.55, 2.88, 2.94, 3.23, 3.48, 2.93, 2.36, 3.06, 2.96, 3.02, 3.24, 2.04, 2.96, 5.12, 4.09, 5.17, 4.57, 4.92, 5.97, 3.49, 5.52, 4.94, 5.48, 4.21, 4.4, 4.72, 4.08, 4.27, 4.47, 4.52, 6.09, 6.38, 4.06, 4.97, 3.9, 6.1, 3.99, 4.82, 5.18, 3.86, 3.87, 4.71, 4.98, 5.43, 5.87, 4.75, 4.05, 4.47, 5.66, 4.73, 4.47, 3.76, 4.66, 4.87, 4.49, 4.09, 5.11, 4.98, 4.51, 4.17, 4.32, 4.49, 4.01], [0.65, 0.78, 0.51, 0.71, 0.57, 1.12, 0.46, 0.67, 0.83, 0.77, 0.95, 0.66, 0.75, 0.69, 1.28, 1.46, 0.93, 0.66, 1.32, 0.74, 1.08, 0.74, 0.0, 0.96, 0.94, 0.94, 0.77, 0.79, 0.75, 0.73, 0.81, 0.98, 0.93, 1.15, 0.77, 0.6, 0.95, 0.51, 0.7, 0.73, 0.52, 1.34, 0.54, 0.83, 1.07, 0.75, 0.81, 0.57, 0.87, 0.64, 4.59, 4.16, 4.74, 3.57, 4.35, 3.91, 4.32, 2.73, 4.32, 3.32, 3.1, 3.74, 3.68, 4.23, 3.08, 4.2, 3.91, 3.54, 4.3, 3.38, 4.34, 3.62, 4.58, 4.19, 3.98, 4.17, 4.62, 4.8, 4.05, 3.02, 3.3, 3.19, 3.41, 4.64, 3.87, 4.03, 4.48, 4.17, 3.49, 3.5, 3.79, 4.12, 3.53, 2.79, 3.64, 3.58, 3.63, 3.89, 2.5, 3.56, 5.77, 4.69, 5.85, 5.21, 5.57, 6.66, 3.97, 6.2, 5.59, 6.17, 4.88, 5.04, 5.39, 4.65, 4.87, 5.13, 5.17, 6.79, 7.06, 4.65, 5.65, 4.48, 6.78, 4.63, 5.5, 5.87, 4.49, 4.51, 5.35, 5.67, 6.11, 6.58, 5.39, 4.69, 5.08, 6.36, 5.38, 5.13, 4.4, 5.34, 5.54, 5.17, 4.69, 5.78, 5.65, 5.18, 4.79, 4.98, 5.14, 4.63], [0.47, 0.56, 0.65, 0.65, 0.53, 0.68, 0.62, 0.39, 0.91, 0.53, 0.62, 0.45, 0.66, 1.12, 1.15, 1.27, 0.79, 0.41, 0.81, 0.57, 0.44, 0.46, 0.96, 0.0, 0.48, 0.45, 0.2, 0.42, 0.45, 0.52, 0.48, 0.39, 0.92, 1.07, 0.46, 0.6, 0.67, 0.62, 0.91, 0.37, 0.5, 1.25, 0.87, 0.26, 0.55, 0.56, 0.59, 0.66, 0.57, 0.44, 3.66, 3.25, 3.81, 2.66, 3.41, 3.01, 3.41, 1.91, 3.39, 2.45, 2.28, 2.82, 2.75, 3.31, 2.16, 3.27, 3.03, 2.62, 3.36, 2.47, 3.46, 2.68, 3.65, 3.28, 3.04, 3.23, 3.68, 3.87, 3.13, 2.08, 2.4, 2.28, 2.49, 3.73, 3.0, 3.14, 3.55, 3.22, 2.6, 2.59, 2.9, 3.21, 2.6, 1.95, 2.74, 2.68, 2.72, 2.96, 1.64, 2.65, 4.89, 3.79, 4.93, 4.3, 4.66, 5.74, 3.16, 5.28, 4.66, 5.28, 3.97, 4.12, 4.47, 3.76, 3.99, 4.23, 4.26, 5.91, 6.13, 3.73, 4.74, 3.6, 5.85, 3.71, 4.6, 4.96, 3.57, 3.61, 4.44, 4.75, 5.18, 5.69, 4.48, 3.77, 4.18, 5.43, 4.5, 4.23, 3.49, 4.42, 4.63, 4.25, 3.79, 4.88, 4.75, 4.26, 3.86, 4.07, 4.26, 3.74], [0.59, 0.65, 0.64, 0.54, 0.57, 0.83, 0.55, 0.45, 0.81, 0.52, 0.78, 0.3, 0.65, 1.03, 1.36, 1.42, 1.0, 0.6, 1.01, 0.65, 0.63, 0.62, 0.94, 0.48, 0.0, 0.54, 0.41, 0.57, 0.64, 0.37, 0.42, 0.75, 0.91, 1.17, 0.51, 0.75, 0.93, 0.56, 0.82, 0.5, 0.65, 1.29, 0.75, 0.55, 0.54, 0.65, 0.58, 0.57, 0.71, 0.55, 3.76, 3.32, 3.9, 2.71, 3.5, 3.02, 3.47, 1.9, 3.46, 2.47, 2.28, 2.89, 2.82, 3.35, 2.23, 3.37, 3.04, 2.64, 3.44, 2.5, 3.5, 2.77, 3.71, 3.3, 3.13, 3.33, 3.77, 3.95, 3.18, 2.16, 2.43, 2.32, 2.55, 3.76, 2.99, 3.19, 3.64, 3.3, 2.62, 2.63, 2.89, 3.25, 2.66, 1.96, 2.76, 2.69, 2.75, 3.03, 1.71, 2.69, 4.94, 3.82, 5.01, 4.33, 4.72, 5.81, 3.14, 5.33, 4.71, 5.36, 4.05, 4.18, 4.55, 3.8, 4.05, 4.31, 4.31, 5.97, 6.2, 3.77, 4.83, 3.64, 5.92, 3.78, 4.66, 5.02, 3.65, 3.66, 4.5, 4.81, 5.26, 5.77, 4.54, 3.81, 4.18, 5.53, 4.56, 4.26, 3.55, 4.51, 4.71, 4.38, 3.82, 4.94, 4.83, 4.37, 3.94, 4.14, 4.32, 3.76], [0.55, 0.22, 0.47, 0.42, 0.63, 1.01, 0.61, 0.41, 0.64, 0.2, 0.81, 0.45, 0.3, 0.87, 1.34, 1.58, 1.05, 0.56, 1.07, 0.82, 0.57, 0.74, 0.94, 0.45, 0.54, 0.0, 0.45, 0.55, 0.49, 0.36, 0.22, 0.61, 1.13, 1.32, 0.17, 0.45, 0.77, 0.65, 0.67, 0.42, 0.59, 0.92, 0.7, 0.64, 0.88, 0.3, 0.81, 0.49, 0.77, 0.36, 3.88, 3.48, 4.02, 2.78, 3.6, 3.19, 3.65, 1.97, 3.57, 2.62, 2.29, 3.04, 2.84, 3.5, 2.36, 3.49, 3.23, 2.76, 3.49, 2.59, 3.69, 2.87, 3.81, 3.44, 3.24, 3.44, 3.87, 4.09, 3.33, 2.21, 2.5, 2.38, 2.65, 3.91, 3.2, 3.4, 3.77, 3.35, 2.8, 2.73, 3.04, 3.41, 2.75, 2.0, 2.9, 2.87, 2.91, 3.15, 1.74, 2.83, 5.14, 3.98, 5.15, 4.5, 4.89, 5.95, 3.3, 5.47, 4.83, 5.54, 4.22, 4.32, 4.7, 3.94, 4.22, 4.48, 4.47, 6.16, 6.32, 3.86, 4.99, 3.81, 6.05, 3.9, 4.84, 5.18, 3.78, 3.83, 4.65, 4.94, 5.38, 5.94, 4.69, 3.96, 4.34, 5.65, 4.76, 4.44, 3.71, 4.66, 4.87, 4.5, 3.98, 5.12, 5.01, 4.5, 4.05, 4.3, 4.52, 3.95], [0.32, 0.5, 0.51, 0.55, 0.35, 0.65, 0.46, 0.22, 0.83, 0.45, 0.55, 0.28, 0.57, 0.99, 1.1, 1.22, 0.71, 0.26, 0.82, 0.44, 0.46, 0.33, 0.77, 0.2, 0.41, 0.45, 0.0, 0.32, 0.35, 0.41, 0.41, 0.41, 0.79, 0.98, 0.39, 0.49, 0.62, 0.42, 0.81, 0.24, 0.33, 1.25, 0.73, 0.22, 0.51, 0.5, 0.46, 0.53, 0.48, 0.3, 3.83, 3.41, 3.97, 2.83, 3.58, 3.17, 3.57, 2.06, 3.55, 2.61, 2.44, 2.99, 2.93, 3.47, 2.33, 3.44, 3.18, 2.78, 3.54, 2.64, 3.61, 2.85, 3.82, 3.44, 3.21, 3.4, 3.85, 4.04, 3.3, 2.26, 2.57, 2.45, 2.66, 3.9, 3.15, 3.29, 3.71, 3.4, 2.75, 2.76, 3.06, 3.37, 2.77, 2.11, 2.9, 2.84, 2.88, 3.13, 1.81, 2.81, 5.05, 3.95, 5.09, 4.46, 4.83, 5.9, 3.3, 5.44, 4.83, 5.44, 4.14, 4.29, 4.64, 3.93, 4.15, 4.39, 4.42, 6.06, 6.3, 3.9, 4.91, 3.76, 6.02, 3.88, 4.75, 5.12, 3.74, 3.77, 4.61, 4.91, 5.35, 5.85, 4.64, 3.94, 4.34, 5.6, 4.66, 4.38, 3.66, 4.59, 4.79, 4.42, 3.95, 5.04, 4.91, 4.43, 4.04, 4.23, 4.41, 3.9], [0.14, 0.59, 0.62, 0.72, 0.24, 0.53, 0.62, 0.22, 1.0, 0.51, 0.28, 0.42, 0.66, 1.11, 0.84, 1.05, 0.53, 0.17, 0.62, 0.33, 0.3, 0.3, 0.79, 0.42, 0.57, 0.55, 0.32, 0.0, 0.14, 0.59, 0.57, 0.3, 0.61, 0.77, 0.5, 0.47, 0.36, 0.35, 0.96, 0.14, 0.3, 1.41, 0.88, 0.46, 0.55, 0.66, 0.33, 0.68, 0.22, 0.3, 3.87, 3.5, 4.04, 3.0, 3.67, 3.31, 3.67, 2.28, 3.62, 2.8, 2.63, 3.12, 3.04, 3.58, 2.48, 3.5, 3.33, 2.9, 3.66, 2.78, 3.75, 2.96, 3.93, 3.54, 3.29, 3.47, 3.92, 4.12, 3.42, 2.39, 2.72, 2.6, 2.79, 4.02, 3.31, 3.41, 3.79, 3.5, 2.89, 2.92, 3.21, 3.48, 2.9, 2.32, 3.05, 2.96, 3.02, 3.23, 2.02, 2.95, 5.18, 4.1, 5.18, 4.58, 4.94, 5.97, 3.51, 5.51, 4.93, 5.52, 4.24, 4.41, 4.73, 4.09, 4.32, 4.51, 4.53, 6.11, 6.37, 4.03, 5.0, 3.93, 6.08, 4.0, 4.85, 5.19, 3.87, 3.9, 4.73, 4.97, 5.42, 5.88, 4.77, 4.04, 4.46, 5.66, 4.78, 4.49, 3.79, 4.68, 4.91, 4.52, 4.1, 5.14, 5.02, 4.54, 4.17, 4.34, 4.54, 4.03], [0.14, 0.5, 0.55, 0.68, 0.28, 0.65, 0.61, 0.22, 0.94, 0.45, 0.37, 0.45, 0.57, 1.03, 0.87, 1.14, 0.58, 0.17, 0.71, 0.44, 0.36, 0.39, 0.75, 0.45, 0.64, 0.49, 0.35, 0.14, 0.0, 0.57, 0.54, 0.3, 0.71, 0.85, 0.44, 0.35, 0.33, 0.37, 0.9, 0.14, 0.26, 1.31, 0.83, 0.5, 0.68, 0.57, 0.46, 0.63, 0.33, 0.22, 3.95, 3.57, 4.11, 3.04, 3.74, 3.38, 3.75, 2.31, 3.7, 2.86, 2.66, 3.19, 3.08, 3.66, 2.54, 3.57, 3.41, 2.96, 3.71, 2.83, 3.83, 3.02, 3.99, 3.61, 3.36, 3.54, 3.99, 4.2, 3.49, 2.44, 2.77, 2.65, 2.85, 4.1, 3.39, 3.49, 3.86, 3.55, 2.97, 2.98, 3.28, 3.56, 2.96, 2.35, 3.11, 3.04, 3.09, 3.3, 2.05, 3.02, 5.26, 4.17, 5.26, 4.65, 5.02, 6.05, 3.57, 5.59, 5.0, 5.61, 4.32, 4.48, 4.81, 4.15, 4.39, 4.59, 4.61, 6.2, 6.45, 4.09, 5.08, 4.0, 6.16, 4.06, 4.94, 5.27, 3.93, 3.97, 4.8, 5.05, 5.49, 5.97, 4.84, 4.12, 4.53, 5.74, 4.87, 4.57, 3.86, 4.75, 4.98, 4.59, 4.17, 5.22, 5.1, 4.61, 4.23, 4.42, 4.63, 4.11], [0.54, 0.35, 0.3, 0.17, 0.54, 1.01, 0.32, 0.37, 0.47, 0.26, 0.87, 0.22, 0.32, 0.68, 1.42, 1.58, 1.05, 0.55, 1.17, 0.73, 0.73, 0.68, 0.73, 0.52, 0.37, 0.36, 0.41, 0.59, 0.57, 0.0, 0.14, 0.76, 1.04, 1.3, 0.24, 0.5, 0.91, 0.5, 0.47, 0.46, 0.53, 0.97, 0.42, 0.58, 0.81, 0.32, 0.72, 0.22, 0.79, 0.37, 4.04, 3.6, 4.17, 2.9, 3.75, 3.28, 3.76, 2.05, 3.73, 2.69, 2.4, 3.15, 3.01, 3.62, 2.47, 3.65, 3.31, 2.89, 3.65, 2.72, 3.77, 3.01, 3.95, 3.57, 3.39, 3.6, 4.03, 4.22, 3.45, 2.37, 2.63, 2.52, 2.78, 4.02, 3.26, 3.48, 3.91, 3.52, 2.88, 2.85, 3.14, 3.53, 2.89, 2.1, 3.0, 2.97, 3.01, 3.29, 1.85, 2.94, 5.22, 4.07, 5.28, 4.61, 4.99, 6.09, 3.35, 5.61, 4.97, 5.65, 4.33, 4.44, 4.82, 4.04, 4.3, 4.58, 4.59, 6.27, 6.47, 3.99, 5.1, 3.89, 6.2, 4.03, 4.94, 5.31, 3.9, 3.93, 4.76, 5.09, 5.53, 6.07, 4.8, 4.08, 4.45, 5.81, 4.84, 4.55, 3.81, 4.79, 4.98, 4.64, 4.07, 5.23, 5.11, 4.63, 4.18, 4.41, 4.6, 4.04], [0.54, 0.24, 0.33, 0.22, 0.57, 1.02, 0.42, 0.37, 0.49, 0.17, 0.85, 0.3, 0.24, 0.72, 1.4, 1.6, 1.06, 0.55, 1.15, 0.77, 0.68, 0.71, 0.81, 0.48, 0.42, 0.22, 0.41, 0.57, 0.54, 0.14, 0.0, 0.71, 1.09, 1.32, 0.14, 0.46, 0.86, 0.56, 0.51, 0.44, 0.55, 0.91, 0.51, 0.6, 0.84, 0.24, 0.76, 0.3, 0.79, 0.35, 3.99, 3.56, 4.12, 2.85, 3.7, 3.24, 3.72, 2.01, 3.67, 2.66, 2.35, 3.11, 2.94, 3.57, 2.43, 3.59, 3.28, 2.84, 3.59, 2.66, 3.74, 2.96, 3.9, 3.52, 3.33, 3.54, 3.97, 4.17, 3.4, 2.3, 2.57, 2.46, 2.73, 3.98, 3.24, 3.45, 3.86, 3.46, 2.85, 2.8, 3.1, 3.48, 2.83, 2.05, 2.96, 2.93, 2.97, 3.24, 1.79, 2.89, 5.19, 4.04, 5.23, 4.57, 4.95, 6.04, 3.32, 5.56, 4.92, 5.62, 4.29, 4.39, 4.78, 4.0, 4.26, 4.55, 4.55, 6.24, 6.42, 3.94, 5.06, 3.85, 6.14, 3.98, 4.91, 5.26, 3.85, 3.89, 4.72, 5.04, 5.48, 6.03, 4.76, 4.03, 4.4, 5.75, 4.81, 4.51, 3.77, 4.74, 4.94, 4.59, 4.04, 5.19, 5.07, 4.58, 4.13, 4.37, 4.57, 4.0], [0.39, 0.68, 0.78, 0.88, 0.5, 0.54, 0.81, 0.45, 1.14, 0.66, 0.36, 0.64, 0.79, 1.27, 0.81, 1.04, 0.54, 0.35, 0.55, 0.51, 0.28, 0.42, 0.98, 0.39, 0.75, 0.61, 0.41, 0.3, 0.3, 0.76, 0.71, 0.0, 0.79, 0.84, 0.62, 0.57, 0.32, 0.62, 1.11, 0.36, 0.47, 1.44, 1.06, 0.47, 0.64, 0.73, 0.55, 0.85, 0.37, 0.47, 3.72, 3.35, 3.89, 2.88, 3.52, 3.2, 3.54, 2.2, 3.48, 2.7, 2.55, 2.98, 2.9, 3.46, 2.35, 3.35, 3.23, 2.79, 3.51, 2.66, 3.62, 2.81, 3.79, 3.42, 3.15, 3.32, 3.77, 3.97, 3.29, 2.26, 2.61, 2.49, 2.66, 3.91, 3.22, 3.29, 3.64, 3.35, 2.79, 2.81, 3.11, 3.36, 2.77, 2.23, 2.94, 2.86, 2.91, 3.09, 1.91, 2.83, 5.05, 3.98, 5.03, 4.45, 4.81, 5.82, 3.43, 5.37, 4.79, 5.37, 4.1, 4.26, 4.58, 3.96, 4.18, 4.37, 4.4, 5.98, 6.22, 3.91, 4.85, 3.81, 5.94, 3.85, 4.71, 5.05, 3.72, 3.76, 4.59, 4.83, 5.27, 5.74, 4.63, 3.92, 4.35, 5.5, 4.65, 4.36, 3.66, 4.52, 4.75, 4.35, 3.98, 5.0, 4.87, 4.38, 4.01, 4.2, 4.41, 3.92], [0.62, 1.15, 1.05, 1.17, 0.56, 0.46, 0.95, 0.73, 1.45, 1.04, 0.46, 0.82, 1.17, 1.48, 0.69, 0.66, 0.46, 0.65, 0.65, 0.37, 0.76, 0.51, 0.93, 0.92, 0.91, 1.13, 0.79, 0.61, 0.71, 1.04, 1.09, 0.79, 0.0, 0.35, 1.05, 0.97, 0.71, 0.59, 1.38, 0.71, 0.69, 1.95, 1.22, 0.81, 0.59, 1.19, 0.35, 1.09, 0.42, 0.84, 4.0, 3.63, 4.17, 3.32, 3.87, 3.52, 3.79, 2.65, 3.8, 3.07, 3.04, 3.31, 3.36, 3.77, 2.73, 3.65, 3.51, 3.14, 3.95, 3.08, 3.88, 3.19, 4.16, 3.73, 3.49, 3.64, 4.1, 4.27, 3.61, 2.7, 3.04, 2.94, 3.05, 4.22, 3.49, 3.52, 3.93, 3.78, 3.09, 3.22, 3.46, 3.65, 3.17, 2.71, 3.29, 3.16, 3.23, 3.42, 2.41, 3.18, 5.28, 4.3, 5.31, 4.73, 5.08, 6.08, 3.77, 5.64, 5.12, 5.58, 4.37, 4.59, 4.88, 4.32, 4.51, 4.64, 4.67, 6.15, 6.52, 4.3, 5.12, 4.13, 6.21, 4.2, 4.95, 5.29, 4.06, 4.06, 4.89, 5.09, 5.56, 5.92, 4.93, 4.22, 4.64, 5.78, 4.88, 4.62, 3.95, 4.81, 5.03, 4.66, 4.3, 5.25, 5.13, 4.69, 4.39, 4.49, 4.64, 4.19], [0.81, 1.34, 1.28, 1.42, 0.78, 0.48, 1.21, 0.95, 1.7, 1.26, 0.52, 1.08, 1.39, 1.73, 0.41, 0.36, 0.39, 0.81, 0.55, 0.58, 0.86, 0.68, 1.15, 1.07, 1.17, 1.32, 0.98, 0.77, 0.85, 1.3, 1.32, 0.84, 0.35, 0.0, 1.26, 1.14, 0.71, 0.85, 1.63, 0.9, 0.87, 2.15, 1.49, 0.97, 0.78, 1.39, 0.6, 1.35, 0.55, 1.03, 3.95, 3.62, 4.14, 3.4, 3.86, 3.58, 3.78, 2.8, 3.79, 3.17, 3.18, 3.34, 3.41, 3.79, 2.78, 3.62, 3.57, 3.2, 3.97, 3.16, 3.91, 3.21, 4.18, 3.77, 3.48, 3.62, 4.08, 4.25, 3.64, 2.77, 3.13, 3.03, 3.1, 4.26, 3.57, 3.53, 3.9, 3.8, 3.15, 3.3, 3.54, 3.67, 3.23, 2.85, 3.36, 3.21, 3.28, 3.44, 2.53, 3.24, 5.28, 4.35, 5.28, 4.75, 5.08, 6.04, 3.89, 5.61, 5.12, 5.53, 4.35, 4.6, 4.85, 4.37, 4.54, 4.63, 4.67, 6.09, 6.49, 4.35, 5.09, 4.18, 6.17, 4.21, 4.93, 5.25, 4.07, 4.08, 4.9, 5.06, 5.53, 5.84, 4.94, 4.24, 4.69, 5.73, 4.87, 4.62, 3.98, 4.77, 5.01, 4.61, 4.35, 5.23, 5.1, 4.66, 4.4, 4.49, 4.64, 4.22], [0.46, 0.14, 0.3, 0.3, 0.52, 0.98, 0.45, 0.32, 0.55, 0.1, 0.78, 0.33, 0.2, 0.73, 1.31, 1.54, 0.98, 0.47, 1.09, 0.73, 0.62, 0.66, 0.77, 